#    0   12   1389.1559      1.4235
    0   13   1496.4036      1.2493
    0   14   1598.7025      0.0975
    0   15   1700.9576      0.1117
    0   16   1802.3150      0.0835
    0   17   1904.5177      0.0668
    0   18   2007.5206      0.0533
    0   19   2110.9460      0.0462
    0   20   2214.1616      0.0547
    0   21   2317.1943      0.0663
    0   22   2420.8147      0.1116
    0   23   2524.3873      0.3349
    0   24   2628.5538      0.2755
    0   25   2733.4288      0.3649
    0   26   2839.9524      0.8627
    0   27   2946.0015      0.7642
#    1   11   1331.2662      1.8869
    1   12   1436.7199      1.3389
    1   13   1542.1736      0.1970
    1   14   1645.0801      0.1377
    1   15   1747.3689      0.0961
    1   16   1849.0418      0.0673
    1   17   1952.0071      0.0579
    1   18   2055.5189      0.0511
    1   19   2159.0815      0.0554
    1   20   2262.6281      0.0587
    1   21   2366.1590      0.0672
    1   22   2470.2834      0.1005
    1   23   2575.1381      0.1871
    1   24   2679.3611      0.2494
    1   25   2784.8778      0.3412
    1   26   2889.6447      0.9004
    1   27   2997.5841      2.1758
    2   12   1486.9593      1.6706
    2   13   1589.8799      0.6658
    2   14   1694.1224      0.2081
    2   15   1795.5718      0.1667
    2   16   1898.3847      0.1195
    2   17   2001.5536      0.0801
    2   18   2105.2619      0.0885
    2   19   2208.8687      0.0788
    2   20   2312.4272      0.0894
    2   21   2416.0262      0.1737
    2   22   2520.2448      0.3013
    2   23   2624.9894      0.4654
    2   24   2728.8649      0.8768
    2   25   2836.0812      1.0743
    2   26   2938.5683      1.4029
#    3   17   2045.2880      0.3361
#    3   18   2149.7520      0.2247
#    3   19   2253.5764      0.2595
#    3   20   2357.7235      0.3447
#    3   21   2461.9685      0.5791
